% External font descriptor for the Lucida Console font.
%
% You may remove these comments (lines with % at start) if desired.
%
<<
  /Type /Font
  /Subtype /TrueType
  /FontDescriptor
  <<
    /Type /FontDescriptor
    /FontName /LucidaConsole
    /Flags 34
    /FontBBox [ -250 -211 724 1000 ]
    /MissingWidth 603
    /StemV 110
    /StemH 110
    /ItalicAngle 0
    /CapHeight 789
    /XHeight 395
    /Ascent 789
    /Descent -211
    /Leading 0
    /MaxWidth 603
    /AvgWidth 603
  >>
  /BaseFont /LucidaConsole
  /Encoding /WinAnsiEncoding
  /FirstChar 32
  /LastChar 255
  /Widths
  [
    603 603 603 603 603 603 603 603 603 603 603 603 603 603 603 603
    603 603 603 603 603 603 603 603 603 603 603 603 603 603 603 603
    603 603 603 603 603 603 603 603 603 603 603 603 603 603 603 603
    603 603 603 603 603 603 603 603 603 603 603 603 603 603 603 603
    603 603 603 603 603 603 603 603 603 603 603 603 603 603 603 603
    603 603 603 603 603 603 603 603 603 603 603 603 603 603 603 603
    603 603 603 603 603 603 603 603 603 603 603 603 603 603 603 603
    603 603 603 603 603 603 603 603 603 603 603 603 603 603 603 603
    603 603 603 603 603 603 603 603 603 603 603 603 603 603 603 603
    603 603 603 603 603 603 603 603 603 603 603 603 603 603 603 603
    603 603 603 603 603 603 603 603 603 603 603 603 603 603 603 603
    603 603 603 603 603 603 603 603 603 603 603 603 603 603 603 603
    603 603 603 603 603 603 603 603 603 603 603 603 603 603 603 603
    603 603 603 603 603 603 603 603 603 603 603 603 603 603 603 603
  ]
>>
